# Created by Octave 3.6.3, Tue Dec 25 01:48:44 2012 BRT <root@ubuntu-VirtualBox>
# name: params
# type: matrix
# rows: 2307
# columns: 1
 1.652403965351908
 0.1521755116990359
 -0.3496770799389202
 0.1417947245786022
 1.504482501296916
 -0.3375068954483946
 0.3866118533572152
 -0.2665145938230191
 1.442193431838865
 0.09361039438015946
 0.5559809597294562
 2.018193930272118
 2.850857627874483
 0.724198064097671
 0.1751582253694036
 -0.009279832018130419
 0.5093757786086671
 -1.674873661111622
 1.008413437173422
 -2.174565392404243
 0.2295312581695854
 2.105475239009531
 -0.3107206856648793
 1.069848399524594
 -0.1476212160027703
 1.449876294890886
 -0.1834159455164464
 0.06218057247245304
 0.4965179513726954
 -1.429694732250194
 -1.503798379783397
 0.5526799038474101
 -0.09400598162948047
 -3.478938748699324
 -0.5899233636580196
 -0.9259897776302268
 1.158242416900981
 2.05494511730482
 0.03660691490507549
 0.2916323395990064
 0.6362746806841227
 -1.428326339122553
 -1.376245995182506
 0.003222883580998199
 1.240852866241459
 -0.2331275385509193
 0.6245969360236834
 -2.068211860228766
 3.969955391754923
 0.9023216817928088
 1.906673519787573
 0.4235871498257167
 -1.838360677423338
 -0.3904882186555553
 -0.05278306682767498
 0.1097494728622088
 1.707562674794887
 0.8229766808038743
 0.714235429873467
 -0.2035836538948215
 -0.009117873065018708
 -6.524511876549445
 1.542408109864383
 -0.2737881589563702
 -0.1080289849454057
 -0.6689242363282276
 0.3610434880827699
 0.1846708782909318
 0.3332985549031314
 0.426847733612513
 0.2086472206022249
 -0.04044549460429855
 0.08568389245868895
 -0.3607935712409941
 -0.5025052713648072
 -0.3231589704500745
 -0.2955258876245506
 -0.007726649619657854
 -0.06662067973706569
 -0.4516560088598515
 -0.1608579875451558
 0.1710683979080768
 -5.497661506636718
 -0.3418787935750055
 -0.3556727101131866
 -0.2663244563491342
 -0.4195997638516511
 0.3647173999839494
 0.09273997852765446
 -0.7274818248554961
 -0.5932881513922241
 -0.1419830616524805
 0.5853548867367815
 -0.04347038733611385
 -0.03778664929567201
 -0.1907209973966679
 -0.3865804847959114
 -0.3004865459543228
 -0.9083412869841906
 -0.5836837188322962
 0.2752168928308537
 -0.2453849673907001
 0.06551356653329078
 -0.6617513628682817
 -0.3704054696498253
 0.1905084537350547
 -0.264253591487261
 -0.2642589915006172
 0.4023401536761305
 -0.2636260005681185
 -0.339046799255607
 0.1378185112595639
 0.6740123294515008
 0.5836233348175857
 -0.08669090945530129
 0.1899782950952012
 -0.08935291511351078
 -0.03694168825015186
 0.2244301672626944
 -0.04709372471219273
 -0.3809947754155015
 -0.1107721199855125
 -0.1181760013309666
 0.1050965388669698
 -0.1206374781368436
 -0.0205047339006521
 -0.07019225028421773
 0.2122794901181088
 0.3092169057277366
 0.4633760617535704
 1.753870267611207
 -0.1981436530027793
 0.977505980347925
 -0.3149194097341487
 0.002162066212959693
 0.654067857949388
 -0.1524994060926387
 0.4584798857094428
 0.05370738912318611
 -0.239951037705363
 0.6648049030640898
 0.1293418901573125
 0.1662298650053838
 -0.460707505618797
 1.074703055868938
 1.552369646431379
 -2.228022033594313
 -0.03345008963830121
 -0.0255167137909111
 1.449646852727495
 -0.4754215310855648
 -0.9252938830412003
 -0.2089182572454317
 -0.7628934245892133
 1.191759696247238
 0.0979816252032191
 0.5110107582494664
 -1.411478211615007
 -0.03939575963479602
 0.1126068581150994
 0.1302144589026045
 -0.2105583354608528
 -0.03670349264870468
 0.03223669686538577
 0.1905957529857552
 -0.4445668259767357
 -0.3693145394169502
 0.1841817680971719
 -0.01234066030730924
 -0.3447222117868443
 -0.8185835735005339
 -0.707772968798191
 -0.04550370319930896
 -0.02174373588470492
 -0.33231836172392
 -0.2574708215292131
 5.136283353532734
 -0.4132251031693382
 -0.07790329495052463
 0.1734864829210088
 0.8320634749825345
 -0.04203929594606236
 0.01326417131287239
 -0.01325874093534388
 -0.3906916032036822
 -0.04343451767033762
 -0.02377254881448696
 0.0979570835186902
 -0.0007006720338843522
 0.01186982953707613
 -0.05118141777347679
 -0.4198290813117526
 -0.08455369892427408
 0.06216945815276967
 0.2256067737219562
 -0.5290080418436698
 -0.1577399796314912
 -0.1356549555657954
 0.3445562612269961
 1.16256532119364
 -0.09798480711258643
 0.1026336647737575
 -0.0493050635651017
 -0.4397773483472937
 0.3863593311746928
 0.1441777760490803
 -0.018915500700131
 -0.6647125034911134
 0.9195006839116368
 0.1987907793110711
 -0.1131839085370859
 0.2732235000071766
 -0.5218492313041792
 -0.1819874910917607
 0.5981234464945869
 1.827553167754556
 -0.01342768802097552
 -0.2476251341430551
 0.5958058327244469
 0.0893952264851112
 0.3683248610849567
 -1.322354363673197
 2.122336654342802
 0.1399906201954891
 0.3178867413508237
 0.01598531914378415
 0.1641376367780999
 0.3777593303017711
 0.210856261686668
 0.1119302158701033
 0.100514352935592
 -0.3927485703937609
 -0.1826955708804902
 0.8197189703370354
 0.2325236605756752
 0.3979740888543126
 -0.9175463570108224
 0.02020507502188452
 0.0747538400086558
 -0.2383329560241942
 -1.067037335642566
 1.280321497053228
 -0.4541625860992163
 -0.3119335477529365
 -0.8259281691156939
 0.2288432729803045
 0.07788012935889686
 -0.03079903795680376
 0.7249919045460381
 0.2843874485680946
 -0.06311482608308445
 -0.01844179882958942
 0.01307216354860655
 0.06735785171258947
 -0.512989679211828
 -0.007183419242558553
 0.1905583255275951
 -0.04471117242220604
 -0.0995219630870485
 0.1605935492599579
 0.072804572101582
 0.1727669691296637
 1.170117771086586
 1.519650500031635
 0.1708568300788831
 0.0192418300956123
 0.08054172775505392
 0.7086705898125154
 -0.09639872088202929
 0.2760946653320846
 -0.0534659167322346
 -0.2790863907250457
 0.7447123325682717
 0.3941765826177406
 0.07477547715783416
 0.2525002199394519
 -1.783113434000042
 -0.4666783724585776
 0.4819477658471832
 0.2754218758960811
 0.1118532141775372
 0.7984990335378117
 -0.3371572550121949
 0.02063638785341228
 0.4131355115373238
 -7.391194724543945
 0.2418774243282451
 0.04124127813009375
 -0.08653716725593762
 -0.1564758855950686
 0.3694788448461727
 -2.030481044496117
 -0.265454631390858
 0.6491183050252587
 0.08093017834666785
 0.0817939892625115
 -0.3909818957970738
 -0.6920028907193776
 0.7564931303769746
 0.2393879434839836
 -0.04475141194958712
 0.06065000734023179
 -0.08086402515391891
 0.9164089736803863
 1.330701847414951
 0.5589453339364446
 2.449991677527576
 -0.1447432764524488
 -1.360538693951469
 0.1444509805206644
 -0.05311405209654722
 -0.1023770907042059
 1.03011334469468
 0.2384991542108418
 0.02207031762009977
 0.03805582291536684
 0.1292562010868696
 -0.2022390610113498
 0.2491386473496204
 -0.05348055311994517
 -1.111921607691895
 0.1681246452788898
 0.1476655841901648
 -0.3533022832815484
 0.328375376768105
 -0.06681581487002251
 0.4242515137097313
 0.09343045573276763
 0.4305197592514347
 0.1400777168702593
 0.3006180010952316
 -1.803506665426262
 -0.2901938115462253
 -0.9230159387491634
 -0.1025328765262107
 -0.716554543993579
 0.2015473279550348
 1.064984060564157
 -1.56276690145717
 1.17707121102431
 -0.3826603425951485
 -0.2136268006991353
 -0.1006613894128812
 0.9465087916516313
 -0.01435495696600563
 0.3826189602441745
 0.1731708115963507
 0.1206047914431698
 -0.1881887522247451
 -0.06975217639095679
 0.2929094749703868
 0.08797868723093966
 0.3998393232114689
 -0.2702922710768783
 0.5773031444791432
 -0.5662674516342824
 -0.6382884150242144
 -0.0858587541182467
 -0.4392186633953553
 0.8932482799964708
 -0.04064922720504502
 1.210647386386553
 -0.03006176310222207
 -0.4998515395506966
 -0.2423971875286174
 0.2076979824450257
 0.152471663863456
 -0.4269276621138772
 0.5952906393191281
 0.6067572056699232
 0.9277017358240904
 -0.04806939955282344
 -0.7126968138632811
 0.289963151002429
 -0.6659209085352642
 -0.08603259991079205
 0.04717565404330915
 0.0178499271995221
 0.1836614600760392
 -0.1717821750502579
 0.01330397118407967
 1.189032616491332
 1.687459378934205
