# Created by Octave 3.6.3, Thu Dec 13 17:48:28 2012 BRT <root@ubuntu-VirtualBox>
# name: params
# type: matrix
# rows: 2307
# columns: 1
 2.356188083027412
 -0.9835157449833503
 0.09909929495576589
 -0.398476988220155
 0.1239397181675501
 -1.295909226034739
 -0.2448090228757756
 -2.144546147620644
 1.698003188767206
 0.1235332528666324
 -3.310782137250534
 -0.2863132677421421
 -0.2187007287700339
 0.0985693271798526
 -1.694837092259578
 -0.01450896330278758
 1.336707622626592
 -1.095590114182353
 0.0122145809516197
 0.2978133638676686
 0.3983902703228115
 -0.1603246242882666
 0.6203933176704401
 0.3654134899750957
 3.074757199085475
 2.209038591971692
 -1.506962681875844
 0.2151273803908324
 -0.04437238025506555
 0.1141321329482073
 -0.09200351311703095
 -0.01052171038840604
 0.8862831599066412
 0.1194895604629485
 -1.544533087624947
 -1.808654968336989
 3.386955498430834
 0.3703972233982604
 -0.2814303601454922
 -0.1762760413301461
 -0.1194324614216222
 -1.572147718619407
 0.09028301996789023
 -0.3446216131129866
 0.9043909943312617
 -1.683911914840868
 0.2813061751112259
 0.1689800652207729
 0.4993656300484719
 0.2824031173340187
 -0.5770026394226112
 -0.4505241066935434
 -0.04313844416859038
 0.013888163388317
 0.2989387715014578
 -1.337449965928943
 -0.1186214766307443
 -0.9931625097304806
 -0.6940335969311575
 -0.08657069705546426
 0.3262584328861101
 1.172369317635485
 0.1430491259924978
 0.8353174778461173
 -0.1255254365353232
 0.2903301673508278
 -0.04203733722926283
 0.02356498998574348
 0.1105293734704894
 -0.1608627542927824
 0.01482492128145915
 0.06074045463806092
 -0.4364866190547063
 0.1561728984408173
 -0.3022712336914882
 0.2469795711695365
 -0.1204927247158809
 -0.0653418682412395
 0.05216397831838022
 -0.06752983866354084
 -0.1081778226900542
 0.1745069282263545
 0.09092308433517765
 -0.275251969741058
 -0.3356313442803702
 0.05518070515252633
 0.06796742168427466
 -0.1059051742530123
 -0.07652259278432938
 -0.1327048233177748
 -0.0289091821977769
 -0.2068237310540793
 0.1142264563460093
 0.1439865197460369
 0.1013719929300395
 0.03392359724348641
 -0.2051553314808993
 -0.1729381777511813
 0.6290301619218864
 0.06013102235916257
 -0.105010811883325
 0.1969442167976856
 -0.1001642766951828
 0.1769547286319954
 -0.2257212741437958
 0.276288895600926
 0.08472064798849047
 -0.2281204903662075
 -0.08596827289919207
 0.1007266820455896
 -0.06147258146562146
 -0.4004799000536506
 -0.04205059250829338
 0.05414955012378023
 -0.1808770752262952
 0.2263000130016043
 0.1401979015943531
 -0.04038625928704642
 -0.0688652479986903
 0.01146579383366515
 -0.1492943679838514
 0.02068065940225117
 -0.312109417589269
 0.06326033830106613
 -0.3385104051656038
 0.07241974947980247
 -0.004087405241918543
 -0.2544044499778612
 0.7809012205204579
 0.1433470086976488
 0.3270276534376546
 -0.2065572080040218
 0.1681863438122475
 -0.6165248132321419
 -0.2915252143770996
 -0.3987256871482973
 -1.258298078538233
 0.5658683863148773
 0.7595139029580326
 0.1798701371011277
 -0.2409521584898784
 0.0177281520983603
 -0.3996281331379529
 0.2075585548380442
 -2.017626508854879
 0.3428141941507126
 0.4699826353434228
 -0.137976854853962
 -0.04650487502402564
 0.01872810330923487
 -0.5407572183929221
 -0.1779324965587355
 -0.671688762692162
 -0.3653920693654651
 0.0349265628242753
 -0.164169510786328
 -0.2361467911724933
 0.1520755481913675
 0.1818417299612696
 -0.3510220107786039
 0.05201848072113555
 0.1499474665508328
 0.1814330858160185
 2.824859077652723
 -4.499362497437127
 -0.03199026086444005
 0.1511154731086811
 -0.2617862674392091
 -1.463539044297543
 1.04200365847276
 0.2152382521738369
 -0.1496958573716858
 -0.2351461163179892
 -0.8492946438089699
 0.1206771396533129
 0.04143734750867906
 -2.2132003801067
 -0.03659394794107527
 -0.8918522633494198
 0.0550567074875038
 0.1423023782928611
 0.1197654191032506
 -0.002118868712305292
 -1.325856849465417
 -0.1054534446679371
 -0.07106262321065744
 -0.6376220642636233
 0.2137771538689842
 0.2067570525912611
 -0.1524184474427756
 0.08194296782938996
 -0.4610055471744297
 0.0979794379512202
 -0.5450697131633544
 0.1214722010870637
 1.15199534864629
 -0.204790356482339
 0.3002291216715647
 -0.118806658924791
 0.5662133530481437
 -1.425083117819921
 0.2235998446980661
 -0.2830473591605878
 -0.0189382583642391
 -0.08316713742600586
 0.01935242683357096
 0.6788248109381573
 -0.004921562415621101
 0.5196460850968021
 1.676225825483827
 0.8047938423788437
 -0.1737688394369311
 -0.1969675131451039
 0.2858167577804711
 0.2578211354774064
 -0.2092145356007962
 -0.4796437751805531
 1.241380975251993
 -0.2289282592223004
 -0.236851576018946
 0.05223066946772356
 0.09392686708476884
 0.0700538435561749
 -0.7223333104037343
 -0.1647507318779677
 0.03560362996063126
 -0.2004470071486617
 -0.07298987320710237
 -0.5393902536585007
 0.6570151023554329
 -0.1721003727093156
 0.3321862622064548
 -0.3487909649191837
 2.593637467627711
 0.03922989529379323
 -0.4888310781114713
 0.4965203816021337
 -0.600945166189874
 0.06636582650690737
 -0.1539234406358033
 -0.5398236242532389
 0.2968395828243544
 0.4446834563907869
 -0.8597550297031975
 0.915128148963443
 0.2455993586567481
 0.3112288885250662
 -1.987510644703726
 0.01042694611234143
 0.1278132154288589
 0.6565839113795021
 0.04875316547901372
 0.1502747100220984
 0.4711559773393713
 -0.03239766782360055
 1.549904611286594
 -0.7023945204586601
 -0.7395194809069902
 0.2727201616467833
 1.00529398728995
 0.1655678023230584
 -0.6146430182143658
 -0.354251217593871
 -1.004521821735478
 0.2137972797206038
 0.1420150206855426
 -0.5451441270596908
 0.0006063313221831255
 -0.08070264681255465
 -0.2203253642068119
 -0.7073918062776652
 -0.1898142345213041
 0.7026303455858084
 0.9643813072046584
 0.3134784907880697
 0.119751998683131
 0.04240082114261805
 0.5011556451286778
 1.723221476901407
 0.2862263373889322
 3.534493426054146
 -0.8104995696128521
 -1.915451931916576
 0.158603505445377
 0.6494446569540478
 0.02855825427215435
 -0.1855487678343696
 -0.4902386042402612
 -0.2142893511003853
 -0.2558652535197347
 -0.8465778719962439
 -0.2747107470487533
 -0.1586240249431311
 -0.04424396555701807
 -1.732674270934472
 0.5228301516779927
 -1.31659367000547
 -0.3420198737077297
 0.08406892743512349
 -1.309199057164425
 0.6268288240055624
 -0.7000717160432526
 -0.5940381591209712
 -0.7247405850940947
 -0.4783801872994634
 0.3143846072673965
 0.8084308714978019
 0.1764871135148033
 0.4977366076421097
 -0.4473884419976639
 0.2979673583307386
 -8.231704440910002
 -0.006016195708523018
 0.3718295706419522
 0.0680820617469384
 -0.1539487674133805
 0.3989846750523717
 1.665412351816052
 0.1123251459804159
 0.6225841074461678
 0.1165199986891668
 0.3828139103100845
 0.08372191782548929
 0.05845627588766441
 0.1222828318657646
 0.2223016055043133
 0.1487002379214167
 0.2687039397437591
 -0.05613489550091633
 -0.07145015159197188
 -1.021832422103516
 -0.151678838832184
 0.2666339550869195
 0.07063999106650429
 0.1479236127426704
 -0.06596283014544627
 0.226918609772794
 0.1033906199581021
 0.3108442073187712
 0.02343516869480479
 0.1513480773706384
 -0.1960979482824418
 0.1063668256722327
 -0.03855511935501913
 0.3095490807620924
 0.1894780963709005
 -0.04801542554784152
 0.1148303934572924
 0.09420622918877458
 -0.05898029075263485
 -0.155984507360933
 -0.2254505054093859
 -0.1994993190911386
 -0.2097443958178813
 0.6754540769007366
 -0.08035182478094029
 -0.5423740496948689
 0.1142757025106256
 -0.0314163052508776
 0.0864322957336907
 0.4240690791600628
 -0.6589511927066589
 -0.1783353077120616
 -0.1788738178116419
 -0.3987393834128523
 -0.4066707048332485
 -0.1173723608540617
 0.5360964586757556
 -0.4623540362534261
 -0.1497207524835828
 0.1217299529813603
 -0.1612887258982884
 0.2400808706586283
 -0.1038219451150775
 -0.2640260510723859
 0.1233076116976156
 0.004139208512196761
 0.1208309249233769
 0.07166278627021347
 -0.2010876986354554
 0.05224768153880425
 0.1784048609692398
 -0.06945783128547703
